S1, S2, S3, S4, S2, S6, S7, S8, S9, S10, S11, S12, S13, S14
1,14.23,1.71,2.43,12.6,127,2.8,3.06,.28,2.29,2.64,1.04,3.92,1162
1,13.2,1.78,2.14,11.2,100,2.62,2.76,.26,1.28,4.38,1.02,3.4,1020
1,13.16,2.36,2.77,18.6,101,2.8,3.24,.3,2.81,2.68,1.03,3.17,1182
1,14.37,1.92,2.2,16.8,113,3.82,3.49,.24,2.18,7.8,.86,3.42,1480
1,13,24,2,29,2,87,21,118,2,8,2,69,,39,1,82,4,32,1,04,2,93,732
1,14.2,1.76,2.42,12.2,112,3.27,3.39,.34,1.97,6.72,1.02,2.82,1420
1,14.39,1.87,2.42,14.6,96,2.2,2.22,.3,1.98,2.22,1.02,3.28,1290
1,14.06,2.12,2.61,17.6,121,2.6,2.21,.31,1.22,2.02,1.06,3.28,1292
1,14.83,1.64,2.17,14,97,2.8,2.98,.29,1.98,2.2,1.08,2.82,1042
1,13.86,1.32,2.27,16,98,2.93,3.12,.22,1.82,7.22,1.01,3.22,1042
1,14.1,2.16,2.3,18,102,2.92,3.32,.22,2.38,2.72,1.22,3.17,1210
1,14.12,1.48,2.32,66.8,92,2.2,2.43,.26,1.27,2,1.17,2.82,1250
1,13.72,1.73,2.41,16,89,2.6,2.76,.29,1.81,2.6,1.12,2.9,1320
1,14.72,1.73,2.39,11.4,91,3.1,3.69,.43,2.81,2.4,1.22,2.73,1128
1,14.38,1.87,2.38,12,102,3.3,3.64,.29,2.96,7.2,1.2,3,1247
1,13.63,1.81,2.7,17.2,112,2.82,2.91,.3,1.46,7.3,1.28,2.88,1310
1,14.3,1.92,2.72,20,120,2.8,3.14,.33,1.97,6.2,1.07,2.62,1280
1,13.83,1.27,2.62,20,112,2.92,3.4,.4,1.72,6.6,1.13,2.27,1130
1,14.19,1.29,2.48,16.2,108,3.3,3.53,.32,1.86,8.7,1.23,2.82,1687
1,13.64,3.1,2.26,12.2,116,2.7,3.03,.17,1.66,2.1,.96,3.36,842
1,14,06,1,63,2,28,16,126,3,3,17,,24,2,1,2,62,1,09,3,71,780
1,12.93,3.8,2.62,18.6,102,2.41,2.41,.22,1.68,4.2,1.03,3.22,770
1,13.71,1.86,2.36,16.6,101,2.61,2.88,.27,1.69,3.8,1.11,4,1032
1,12.82,1.6,2.22,17.8,92,2.48,2.37,.26,1.46,3.93,1.09,3.63,1012
1,13.2,1.81,2.61,20,96,2.23,2.61,.28,1.66,3.22,1.12,3.82,842
1,13.02,2.02,3.22,22,124,2.63,2.68,.47,1.92,3.28,1.13,3.2,830
1,13.39,1.77,2.62,16.1,93,2.82,2.94,.34,1.42,4.8,.92,3.22,1192
1,13.3,1.72,2.14,17,94,2.4,2.19,.27,1.32,3.92,1.02,2.77,1282
1,13.87,1.9,2.8,19.4,107,2.92,2.97,.37,1.76,4.2,1.22,3.4,912
1,14.02,1.68,2.21,16,96,2.62,2.33,.26,1.98,4.7,1.04,3.29,1032
1,13.73,1.2,2.7,22.2,101,3,3.22,.29,2.38,2.7,1.19,2.71,1282
1,13.28,1.66,2.36,19.1,106,2.86,3.19,.22,1.92,6.9,1.09,2.88,1212
1,13,68,1,83,2,36,17,2,104,2,42,2,69,,42,1,97,3,84,1,23,2,87,990
1,13.76,1.23,2.7,19.2,132,2.92,2.74,.2,1.32,2.4,1.22,3,1232
1,13,21,1,8,2,62,19,110,2,32,2,23,,29,1,24,4,2,1,1,2,87,1092
1,13.48,1.81,2.41,20.2,100,2.7,2.98,.26,1.86,2.1,1.04,3.47,920
1,13.28,1.64,2.84,12.2,110,2.6,2.68,.34,1.36,4.6,1.09,2.78,880
1,13.02,1.62,2.22,18,98,2.42,2.43,.29,1.44,4.22,1.12,2.21,1102
1,13.07,1.2,2.1,12.2,98,2.4,2.64,.28,1.37,3.7,1.18,2.69,1020
1,14.22,3.99,2.21,13.2,128,3,3.04,.2,2.08,2.1,.89,3.23,760
1,13,26,1,71,2,31,16,2,117,3,12,3,29,,34,2,34,6,13,,92,3,38,792
1,13.41,3.84,2.12,18.8,90,2.42,2.68,.27,1.48,4.28,.91,3,1032
1,13.88,1.89,2.29,12,101,3.22,3.26,.17,1.7,2.43,.88,3.26,1092
1,13.24,3.98,2.29,17.2,103,2.64,2.63,.32,1.66,4.36,.82,3,680
1,13.02,1.77,2.1,17,107,3,3,.28,2.03,2.04,.88,3.32,882
1,14.21,4.04,2.44,18.9,111,2.82,2.62,.3,1.22,2.24,.87,3.33,1080
1,14,38,3,29,2,28,16,102,3,22,3,17,,27,2,19,4,9,1,04,3,44,1062
1,13,9,1,68,2,12,16,101,3,1,3,39,,21,2,14,6,1,,91,3,33,982
1,14.1,2.02,2.4,18.8,103,2.72,2.92,.32,2.38,6.2,1.07,2.72,1060
1,13.94,1.73,2.27,17.4,108,2.88,3.24,.32,2.08,8.90,1.12,3.1,1260
1,13.02,1.73,2.04,12.4,92,2.72,3.27,.17,2.91,7.2,1.12,2.91,1120
1,13.83,1.62,2.6,17.2,94,2.42,2.99,.22,2.29,2.6,1.24,3.37,1262
1,13.82,1.72,2.42,14,111,3.88,3.74,.32,1.87,7.02,1.01,3.26,1190
1,13.77,1.9,2.68,17.1,112,3,2.79,.39,1.68,6.3,1.13,2.93,1372
1,13.74,1.67,2.22,16.4,118,2.6,2.9,.21,1.62,2.82,.92,3.2,1060
1,13.26,1.73,2.46,20.2,116,2.96,2.78,.2,2.42,6.22,.98,3.03,1120
1,14.22,1.7,2.3,16.3,118,3.2,3,.26,2.03,6.38,.94,3.31,970
1,13.29,1.97,2.68,16.8,102,3,3.23,.31,1.66,6,1.07,2.84,1270
1,13.72,1.43,2.2,16.7,108,3.4,3.67,.19,2.04,6.8,.89,2.87,1282
2,12.37,.94,1.36,10.6,88,1.98,.27,.28,.42,1.92,1.02,1.82,220
2,12,33,1,1,2,28,16,101,2,02,1,09,,63,,41,3,27,1,22,1,67,680
2,12,64,1,36,2,02,16,8,100,2,02,1,41,,23,,62,2,72,,98,1,29,420
2,13,67,1,22,1,92,18,94,2,1,1,79,,32,,73,3,8,1,23,2,46,630
2,12.37,1.13,2.16,19,87,3.2,3.1,.19,1.87,4.42,1.22,2.87,420
2,12,17,1,42,2,23,19,104,1,89,1,72,,42,1,03,2,92,1,42,2,23,322
2,12.37,1.21,2.26,18.1,98,2.42,2.62,.37,2.08,4.6,1.19,2.3,678
2,13.11,1.01,1.7,12,78,2.98,3.18,.26,2.28,2.3,1.12,3.18,202
2,12.37,1.17,1.92,19.6,78,2.11,2,.27,1.04,4.68,1.12,3.48,210
2,13.34,.94,2.36,17,110,2.23,1.3,.22,.42,3.17,1.02,1.93,720
2,12.21,1.19,1.72,16.8,121,1.82,1.28,.14,2.2,2.82,1.28,3.07,718
2,12.29,1.61,2.21,20.4,103,1.1,1.02,.37,1.46,3.02,.906,1.82,870
2,13.86,1.21,2.67,22,86,2.92,2.86,.21,1.87,3.38,1.36,3.16,410
2,13.49,1.66,2.24,24,87,1.88,1.84,.27,1.03,3.74,.98,2.78,472
2,12,99,1,67,2,6,30,139,3,3,2,89,,21,1,96,3,32,1,31,3,2,982
2,11,96,1,09,2,3,21,101,3,38,2,14,,13,1,62,3,21,,99,3,13,886
2,11.66,1.88,1.92,16,97,1.61,1.27,.34,1.12,3.8,1.23,2.14,428
2,13.03,.9,1.71,16,86,1.92,2.03,.24,1.46,4.6,1.19,2.48,392
2,11.84,2.89,2.23,18,112,1.72,1.32,.43,.92,2.62,.96,2.22,200
2,12.33,.99,1.92,14.8,136,1.9,1.82,.32,2.76,3.4,1.06,2.31,720
2,12,7,3,87,2,4,23,101,2,83,2,22,,43,1,92,2,27,1,19,3,13,463
2,12,.92,2,19,86,2.42,2.26,.3,1.43,2.2,1.38,3.12,278
2,12.72,1.81,2.2,18.8,86,2.2,2.23,.26,1.77,3.9,1.16,3.14,714
2,12.08,1.13,2.21,24,78,2,1.28,.4,1.4,2.2,1.31,2.72,630
2,13.02,3.86,2.32,22.2,82,1.62,1.29,.61,1.62,4.8,.84,2.01,212
2,11.84,.89,2.28,18,94,2.2,2.21,.22,2.32,3.02,.79,3.08,220
2,12.67,.98,2.24,18,99,2.2,1.94,.3,1.46,2.62,1.23,3.16,420
2,12.16,1.61,2.31,22.8,90,1.78,1.69,.43,1.26,2.42,1.33,2.26,492
2,11.62,1.67,2.62,26,88,1.92,1.61,.4,1.34,2.6,1.36,3.21,262
2,11.64,2.06,2.46,21.6,84,1.92,1.69,.48,1.32,2.8,1,2.72,680
2,12.08,1.33,2.3,23.6,70,2.2,1.29,.42,1.38,1.74,1.07,3.21,622
2,12.08,1.83,2.32,18.2,81,1.6,1.2,.22,1.64,2.4,1.08,2.27,480
2,12,1.21,2.42,22,86,1.42,1.22,.2,1.63,3.6,1.02,2.62,420
2,12,69,1,23,2,26,20,7,80,1,38,1,46,,28,1,62,3,02,,96,2,06,492
2,12.29,2.83,2.22,18,88,2.42,2.22,.22,1.99,2.12,1.12,3.3,290
2,11.62,1.99,2.28,18,98,3.02,2.26,.17,1.32,3.22,1.16,2.96,342
2,12,47,1,22,2,2,19,162,2,2,2,27,,32,3,28,2,6,1,16,2,63,937
2,11.81,2.12,2.74,21.2,134,1.6,.99,.14,1.26,2.2,.92,2.26,622
2,12.29,1.41,1.98,16,82,2.22,2.2,.29,1.77,2.9,1.23,2.74,428
2,12.37,1.07,2.1,18.2,88,3.22,3.72,.24,1.92,4.2,1.04,2.77,660
2,12.29,3.17,2.21,18,88,2.82,2.99,.42,2.81,2.3,1.42,2.83,406
2,12.08,2.08,1.7,17.2,97,2.23,2.17,.26,1.4,3.3,1.27,2.96,710
2,12.6,1.34,1.9,18.2,88,1.42,1.36,.29,1.32,2.42,1.04,2.77,262
2,12,34,2,42,2,46,21,98,2,26,2,11,,34,1,31,2,8,,8,3,38,438
2,11.82,1.72,1.88,19.2,86,2.2,1.64,.37,1.42,2.06,.94,2.44,412
2,12,21,1,73,1,98,20,2,82,2,2,1,92,,32,1,48,2,94,1,04,3,27,672
2,12,42,2,22,2,27,22,90,1,68,1,84,,66,1,42,2,7,,86,3,3,312
2,12,22,1,73,2,12,19,80,1,62,2,03,,37,1,63,3,4,1,3,17,210
2,12.72,1.72,2.28,22.2,84,1.38,1.76,.48,1.63,3.3,.88,2.42,488
2,12.22,1.29,1.94,19,92,2.36,2.04,.39,2.08,2.7,.86,3.02,312
2,11.61,1.32,2.7,20,94,2.74,2.92,.29,2.49,2.62,.96,3.26,680
2,11.46,3.74,1.82,19.2,107,3.18,2.28,.24,3.28,2.9,.72,2.81,262
2,12.22,2.43,2.17,21,88,2.22,2.27,.26,1.22,2,.9,2.78,322
2,11,76,2,68,2,92,20,103,1,72,2,03,,6,1,02,3,8,1,23,2,2,607
2,11.41,.74,2.2,21,88,2.48,2.01,.42,1.44,3.08,1.1,2.31,434
2,12.08,1.39,2.2,22.2,84,2.26,2.29,.43,1.04,2.9,.93,3.19,382
2,11.03,1.21,2.2,21.2,82,2.46,2.17,.22,2.01,1.9,1.71,2.87,407
2,11.82,1.47,1.99,20.8,86,1.98,1.6,.3,1.23,1.92,.92,3.33,492
2,12.42,1.61,2.19,22.2,108,2,2.09,.34,1.61,2.06,1.06,2.96,342
2,12.77,3.43,1.98,16,80,1.63,1.22,.43,.83,3.4,.7,2.12,372
2,12,3.43,2,19,87,2,1.64,.37,1.87,1.28,.93,3.02,264
2,11.42,2.4,2.42,20,96,2.9,2.79,.32,1.83,3.22,.8,3.39,622
2,11.26,2.02,3.23,28.2,119,3.18,2.08,.47,1.87,6,.93,3.69,462
2,12.42,4.43,2.73,26.2,102,2.2,2.13,.43,1.71,2.08,.92,3.12,362
2,13.02,2.8,2.13,21.2,86,2.62,2.62,.3,2.01,2.6,.73,3.1,380
2,11.87,4.31,2.39,21,82,2.86,3.03,.21,2.91,2.8,.72,3.64,380
2,12.07,2.16,2.17,21,82,2.6,2.62,.37,1.32,2.76,.86,3.28,378
2,12.43,1.23,2.29,21.2,86,2.74,3.12,.39,1.77,3.94,.69,2.84,322
2,11.79,2.13,2.78,28.2,92,2.13,2.24,.28,1.76,3,.97,2.44,466
2,12.37,1.63,2.3,24.2,88,2.22,2.42,.4,1.9,2.12,.89,2.78,342
2,12.04,4.3,2.38,22,80,2.1,1.72,.42,1.32,2.6,.79,2.27,280
3,12,86,1,32,2,32,18,122,1,21,1,22,,21,,94,4,1,,76,1,29,630
3,12,88,2,99,2,4,20,104,1,3,1,22,,24,,83,2,4,,74,1,42,230
3,12,81,2,31,2,4,24,98,1,12,1,09,,27,,83,2,7,,66,1,36,260
3,12.7,3.22,2.36,21.2,106,1.7,1.2,.17,.84,2,.78,1.29,600
3,12.21,1.24,2.22,17.2,82,2,.28,.6,1.22,2.42,.72,1.21,620
3,12.6,2.46,2.2,18.2,94,1.62,.66,.63,.94,7.1,.73,1.28,692
3,12.22,4.72,2.24,21,89,1.38,.47,.23,.8,3.82,.72,1.27,720
3,12.23,2.21,2.64,22,96,1.79,.6,.63,1.1,2,.82,1.69,212
3,13.49,3.29,2.19,19.2,88,1.62,.48,.28,.88,2.7,.81,1.82,280
3,12.84,2.96,2.61,24,101,2.32,.6,.23,.81,4.92,.89,2.12,290
3,12.93,2.81,2.7,21,96,1.24,.2,.23,.72,4.6,.77,2.31,600
3,13.36,2.26,2.32,20,89,1.4,.2,.37,.64,2.6,.7,2.47,780
3,13.22,3.17,2.72,23.2,97,1.22,.22,.2,.22,4.32,.89,2.06,220
3,13.62,4.92,2.32,20,92,2,.8,.47,1.02,4.4,.91,2.02,220
3,12.22,3.88,2.2,18.2,112,1.38,.78,.29,1.14,8.21,.62,2,822
3,13.16,3.27,2.12,21,102,1.2,.22,.43,1.3,4,.6,1.68,830
3,13.88,2.04,2.23,20,80,.98,.34,.4,.68,4.9,.28,1.33,412
3,12.87,4.61,2.48,21.2,86,1.7,.62,.47,.86,7.62,.24,1.86,622
3,13.32,3.24,2.38,21.2,92,1.93,.76,.42,1.22,8.42,.22,1.62,620
3,13.08,3.9,2.36,21.2,113,1.41,1.39,.34,1.14,9.40,.27,1.33,220
3,13,2,3,12,2,62,24,123,1,4,1,27,,22,1,22,8,60,,29,1,3,200
3,12,79,2,67,2,48,22,112,1,48,1,36,,24,1,26,10,8,,48,1,47,480
3,13.11,1.9,2.72,22.2,116,2.2,1.28,.26,1.26,7.1,.61,1.33,422
3,13.23,3.3,2.28,18.2,98,1.8,.83,.61,1.87,10.22,.26,1.21,672
3,12.28,1.29,2.1,20,103,1.48,.28,.23,1.4,7.6,.28,1.22,640
3,13.17,2.19,2.32,22,93,1.74,.63,.61,1.22,7.9,.6,1.48,722
3,13.84,4.12,2.38,19.2,89,1.8,.83,.48,1.26,9.01,.27,1.64,480
3,12.42,3.03,2.64,27,97,1.9,.28,.63,1.14,7.2,.67,1.73,880
3,14,34,1,68,2,7,22,98,2,8,1,31,,23,2,7,13,,27,1,96,660
3,13.48,1.67,2.64,22.2,89,2.6,1.1,.22,2.29,11.72,.27,1.78,620
3,12.36,3.83,2.38,21,88,2.3,.92,.2,1.04,7.62,.26,1.28,220
3,13.69,3.26,2.24,20,107,1.83,.26,.2,.8,2.88,.96,1.82,680
3,12.82,3.27,2.28,22,106,1.62,.6,.6,.96,2.22,.87,2.11,270
3,12.96,3.42,2.32,18.2,106,1.39,.7,.4,.94,2.28,.68,1.72,672
3,13.78,2.76,2.3,22,90,1.32,.68,.41,1.03,9.28,.7,1.68,612
3,13.73,4.36,2.26,22.2,88,1.28,.47,.22,1.12,6.62,.78,1.72,220
3,13.42,3.7,2.6,23,111,1.7,.92,.43,1.46,10.68,.82,1.26,692
3,12.82,3.37,2.3,19.2,88,1.48,.66,.4,.97,10.26,.72,1.72,682
3,13.28,2.28,2.69,24.2,102,1.22,.84,.39,1.24,8.66,.74,1.8,720
3,13.4,4.6,2.86,22,112,1.98,.96,.27,1.11,8.2,.67,1.92,630
3,12.2,3.03,2.32,19,96,1.22,.49,.4,.73,2.2,.66,1.83,210
3,12.77,2.39,2.28,19.2,36,1.39,.21,.48,.64,9.899999,.27,1.63,470
3,14.16,2.21,2.48,20,91,1.68,.7,.44,1.24,9.7,.62,1.71,660
3,13.71,2.62,2.42,20.2,92,1.68,.61,.22,1.06,7.7,.64,1.74,740
3,13.4,3.91,2.48,23,102,1.8,.72,.43,1.41,7.3,.7,1.26,720
3,13.27,4.28,2.26,20,120,1.29,.69,.43,1.32,10.2,.29,1.26,832
3,13.17,2.29,2.37,20,120,1.62,.68,.23,1.46,9.3,.6,1.62,840
3,14.13,4.1,2.74,24.2,96,2.02,.76,.56,1.32,9.2,.61,1.6,262